labels:
  거실:
    x: 5.819123268127441
    y: -1.678173542022705
    yaw: 0.0
  방:
    x: -1.1120739458512698
    y: -6.47434144095747
    yaw: 0.2345169876504742
  침실:
    x: 1.3076810836791992
    y: -6.617448806762695
    yaw: 1.5708
  화장실:
    x: 5.158319473266602
    y: -0.4854717254638672
    yaw: 0.0
