labels:
  침실:
    x: -2.168320417404175
    y: -1.8746336698532104
    yaw: 1.5708  # 라디안; +y 방향을 바라봄
  거실:
    x: -4.429901599884033
    y: -8.008004188537598
    yaw: 0.0     # +x 방향을 바라봄
  화장실:
    x: -10.205729484558105
    y: -8.925890922546387
    yaw: 0.0     # +x 방향을 바라봄
