labels:
  화장실:
    x: 3.0711562633514404
    y: 5.624599456787109
    yaw: 1.5708  # 라디안; +y 방향을 바라봄
  식탁:
    x: 1.8
    y: 0.1
    yaw: 0.0     # +x 방향을 바라봄
