labels:
  침실:
    x: 6.822083950042725
    y: 0.05168914794921875
    yaw: 1.5708  # 라디안; +y 방향을 바라봄
  거실:
    x: 7.027427673339844
    y: -7.5798845291137695
    yaw: 0.0     # +x 방향을 바라봄
  화장실:
    x: -1.426350474357605
    y: -0.9982280731201172
    yaw: 0.0     # +x 방향을 바라봄
