labels:
  침실:
    x: 6.822083950042725
    y: 0.05168914794921875
    yaw: 1.5708  # 라디안; +y 방향을 바라봄
  거실:
    x: -9.140667915344238
    y: -5.689939022064209
    yaw: 0.0     # +x 방향을 바라봄
  화장실:
    x: -1.426350474357605
    y: -0.9982280731201172
    yaw: 0.0     # +x 방향을 바라봄
